ETITLE:      TS           BOND          ANGLE          DIHED          IMPRP               ELECT            VDW       BOUNDARY           MISC        KINETIC               TOTAL           TEMP      POTENTIAL         TOTAL3        TEMPAVG            PRESSURE      GPRESSURE         VOLUME       PRESSAVG      GPRESSAVG
ENERGY:       0         0.0000         0.0000         0.0000         0.0000          -5460.6261       775.2767         0.0000         0.0000         0.0000          -4685.3494         0.0000     -4685.3494     -4684.5914         0.0000           6516.2616      6528.3393     23823.1240      6516.2616      6528.3393
ENERGY:    5000         0.0000         0.0000         0.0000         0.0000          -5793.4701       563.7273         0.0000         0.0000       966.9818          -4262.7610       307.2016     -5229.7428     -4259.8521       277.4458            306.5221       335.1912     23692.6367      -175.6983      -175.7074
ENERGY:   10000         0.0000         0.0000         0.0000         0.0000          -5624.1150       484.8816         0.0000         0.0000       943.1047          -4196.1287       299.6161     -5139.2334     -4194.5215       294.4282            102.4966       117.1365     23478.6578      -172.4949      -172.4159
ENERGY:   15000         0.0000         0.0000         0.0000         0.0000          -5570.4829       416.5684         0.0000         0.0000       950.1112          -4203.8033       301.8420     -5153.9145     -4202.1159       301.6706           -449.7196      -431.7923     22928.7975       -91.9527       -92.0883
ENERGY:   20000         0.0000         0.0000         0.0000         0.0000          -5728.5473       443.9465         0.0000         0.0000       961.2902          -4323.3105       305.3935     -5284.6008     -4320.9018       296.1740           -543.3912      -532.3987     23059.0458      -202.3508      -202.5872
ENERGY:   25000         0.0000         0.0000         0.0000         0.0000          -5701.5895       484.4681         0.0000         0.0000       936.7509          -4280.3706       297.5975     -5217.1215     -4278.5174       297.1022            877.6494       883.4231     22489.0990      -200.2551      -200.3016
ENERGY:   30000         0.0000         0.0000         0.0000         0.0000          -5643.8084       404.1834         0.0000         0.0000       962.7091          -4276.9160       305.8442     -5239.6251     -4273.4620       298.6204           -450.2288      -448.0752     22958.6509      -195.2675      -195.1555
ENERGY:   35000         0.0000         0.0000         0.0000         0.0000          -5604.6572       413.0391         0.0000         0.0000       918.1979          -4273.4202       291.7034     -5191.6181     -4271.1095       301.7410           -154.4165      -118.4547     22945.9411      -222.4407      -222.5042
ENERGY:   40000         0.0000         0.0000         0.0000         0.0000          -5657.7418       428.0267         0.0000         0.0000       977.1668          -4252.5484       310.4373     -5229.7151     -4250.8542       299.8202             53.8800        76.8289     22789.2080      -282.7431      -282.6566
ENERGY:   45000         0.0000         0.0000         0.0000         0.0000          -5570.7162       381.3844         0.0000         0.0000       925.7958          -4263.5360       294.1172     -5189.3318     -4261.7226       300.0801           -359.8263      -343.3443     22862.8620      -203.8244      -203.8481
ENERGY:   50000         0.0000         0.0000         0.0000         0.0000          -5616.7871       364.6604         0.0000         0.0000       936.9224          -4315.2043       297.6520     -5252.1266     -4312.6957       297.9887           -932.8900      -915.1211     22706.1337      -228.4728      -228.3714
ENERGY:   55000         0.0000         0.0000         0.0000         0.0000          -5547.7810       358.0999         0.0000         0.0000       929.9934          -4259.6877       295.4507     -5189.6811     -4259.1338       295.4247           -475.0053      -459.6864     22725.7664      -175.3038      -175.3094
ENERGY:   60000         0.0000         0.0000         0.0000         0.0000          -5627.2005       413.4317         0.0000         0.0000       944.3330          -4269.4357       300.0063     -5213.7688     -4266.2491       300.6925            -43.7064       -10.9652     22553.9066      -204.1877      -204.1887
ENERGY:   65000         0.0000         0.0000         0.0000         0.0000          -5581.3952       365.4022         0.0000         0.0000       956.3299          -4259.6631       303.8176     -5215.9930     -4258.3194       299.8098           -285.4386      -275.4718     22277.0693      -256.0658      -256.0814
ENERGY:   70000         0.0000         0.0000         0.0000         0.0000          -5616.2243       412.5734         0.0000         0.0000       951.6438          -4252.0070       302.3289     -5203.6508     -4250.6811       300.0625            247.8578       258.8563     22503.1003      -202.9017      -202.8404
ENERGY:   75000         0.0000         0.0000         0.0000         0.0000          -5687.3042       417.6205         0.0000         0.0000       950.1271          -4319.5566       301.8470     -5269.6837     -4318.8418       295.0471            -81.6358       -54.1659     22610.8599      -278.7855      -278.8525
ENERGY:   80000         0.0000         0.0000         0.0000         0.0000          -5632.5444       426.7741         0.0000         0.0000       934.3897          -4271.3807       296.8474     -5205.7703     -4268.2477       293.2793            221.8881       245.4705     22434.3728      -249.4238      -249.5532
ENERGY:   85000         0.0000         0.0000         0.0000         0.0000          -5578.6601       369.3476         0.0000         0.0000       971.0119          -4238.3005       308.4820     -5209.3124     -4233.7325       298.7314            -38.1833        -7.3614     22550.0796      -244.0730      -244.1627
ENERGY:   90000         0.0000         0.0000         0.0000         0.0000          -5495.2970       370.7396         0.0000         0.0000       905.0432          -4219.5142       287.5243     -5124.5574     -4218.7298       301.9659             54.0422        64.8530     22801.2616      -216.8666      -216.9230
ENERGY:   95000         0.0000         0.0000         0.0000         0.0000          -5582.6600       361.9384         0.0000         0.0000       954.8854          -4265.8362       303.3587     -5220.7216     -4264.6112       302.1714           -586.6957      -584.2495     22804.7657      -250.8137      -250.9393
ENERGY:  100000         0.0000         0.0000         0.0000         0.0000          -5553.9148       373.0346         0.0000         0.0000       944.2719          -4236.6082       299.9869     -5180.8802     -4234.5238       299.5111           -403.8383      -372.5466     22625.6277      -163.5501      -163.5930
ENERGY:  105000         0.0000         0.0000         0.0000         0.0000          -5571.0894       420.6658         0.0000         0.0000       931.8870          -4218.5366       296.0523     -5150.4236     -4216.9880       302.8109            112.3118       124.3171     22834.6530      -170.9843      -171.0053
ENERGY:  110000         0.0000         0.0000         0.0000         0.0000          -5615.0631       403.4635         0.0000         0.0000       910.7826          -4300.8170       289.3476     -5211.5996     -4298.4344       300.2135           -450.2503      -415.3374     22697.6763      -280.4714      -280.3328
ENERGY:  115000         0.0000         0.0000         0.0000         0.0000          -5663.6526       437.3691         0.0000         0.0000       937.6847          -4288.5988       297.8942     -5226.2835     -4285.9267       296.2338            -67.4377       -67.3997     22682.9934      -215.3304      -215.3801
ENERGY:  120000         0.0000         0.0000         0.0000         0.0000          -5630.0199       429.9407         0.0000         0.0000       917.5896          -4282.4896       291.5102     -5200.0792     -4280.9498       299.3350            415.0814       434.0243     22655.3636      -195.2280      -195.3143
ENERGY:  125000         0.0000         0.0000         0.0000         0.0000          -5677.2045       429.4000         0.0000         0.0000       920.7459          -4327.0586       292.5129     -5247.8045     -4324.8530       296.9092            461.1956       495.8148     22300.8133      -249.7917      -249.7276
ENERGY:  130000         0.0000         0.0000         0.0000         0.0000          -5516.7593       335.4006         0.0000         0.0000       952.2953          -4229.0634       302.5358     -5181.3587     -4225.7341       299.7625           -704.9054      -681.4432     22395.2651      -206.7758      -206.6235
ENERGY:  135000         0.0000         0.0000         0.0000         0.0000          -5619.1150       414.5218         0.0000         0.0000       945.2993          -4259.2939       300.3133     -5204.5931     -4255.6716       298.9337             43.7022        67.9074     22801.8426      -256.2138      -256.1034
ENERGY:  140000         0.0000         0.0000         0.0000         0.0000          -5591.6232       384.0052         0.0000         0.0000       938.3554          -4269.2626       298.1073     -5207.6180     -4267.7784       299.8820           -619.3031      -577.5398     22864.1919      -228.7016      -228.4998
ENERGY:  145000         0.0000         0.0000         0.0000         0.0000          -5588.4655       393.0094         0.0000         0.0000       916.2660          -4279.1901       291.0897     -5195.4561     -4276.6049       300.6592           -426.0918      -417.7581     22787.9552      -247.4739      -247.5796
ENERGY:  150000         0.0000         0.0000         0.0000         0.0000          -5598.1141       385.4658         0.0000         0.0000       953.4293          -4259.2190       302.8961     -5212.6483     -4257.2406       301.6360           -135.9162      -121.0892     22697.3735      -181.9977      -182.1222
ENERGY:  155000         0.0000         0.0000         0.0000         0.0000          -5647.5647       394.9399         0.0000         0.0000       909.9130          -4342.7118       289.0714     -5252.6248     -4340.4189       295.1823           -266.8978      -236.9178     22424.8729      -204.9021      -204.8384
ENERGY:  160000         0.0000         0.0000         0.0000         0.0000          -5524.2043       336.3575         0.0000         0.0000       949.2449          -4238.6018       301.5668     -5187.8468     -4235.9633       294.5806           -493.3506      -474.5721     22622.1346      -221.4762      -221.6100
ENERGY:  165000         0.0000         0.0000         0.0000         0.0000          -5611.4777       405.0432         0.0000         0.0000       905.0076          -4301.4268       287.5130     -5206.4344     -4300.0430       298.7350            -28.9002        -6.7801     22412.7705      -185.5137      -185.5494
ENERGY:  170000         0.0000         0.0000         0.0000         0.0000          -5688.3467       450.6989         0.0000         0.0000       931.5317          -4306.1162       295.9394     -5237.6479     -4304.5870       294.2994            793.7063       815.4566     22395.4768      -204.3109      -204.4580
ENERGY:  175000         0.0000         0.0000         0.0000         0.0000          -5590.5193       364.0496         0.0000         0.0000       941.5928          -4284.8768       299.1358     -5226.4696     -4283.7363       302.2784           -542.7895      -532.6501     22512.7955      -243.9571      -243.9519
ENERGY:  180000         0.0000         0.0000         0.0000         0.0000          -5508.4625       332.2627         0.0000         0.0000       967.8693          -4208.3305       307.4836     -5176.1998     -4204.9681       301.3099           -615.4130      -592.0219     22739.9805      -159.8864      -159.7583
ENERGY:  185000         0.0000         0.0000         0.0000         0.0000          -5602.3203       387.5509         0.0000         0.0000       945.3624          -4269.4071       300.3333     -5214.7694     -4266.7381       298.8862           -363.3737      -331.4506     22883.4249      -215.8216      -215.7366
ENERGY:  190000         0.0000         0.0000         0.0000         0.0000          -5626.3772       366.5033         0.0000         0.0000       949.5147          -4310.3593       301.6525     -5259.8739     -4307.4282       296.0262           -579.0808      -552.6853     22541.7765      -283.0689      -283.2061
ENERGY:  195000         0.0000         0.0000         0.0000         0.0000          -5547.7455       357.7616         0.0000         0.0000       906.1333          -4283.8506       287.8706     -5189.9839     -4282.1958       295.2476           -414.5185      -407.0581     22817.8541      -218.4098      -218.3429
ENERGY:  200000         0.0000         0.0000         0.0000         0.0000          -5558.5288       348.9435         0.0000         0.0000       907.9602          -4301.6252       288.4510     -5209.5853     -4300.8740       295.2878           -713.7677      -701.3801     22686.2847      -216.0913      -215.9523
ENERGY:  205000         0.0000         0.0000         0.0000         0.0000          -5643.1391       404.6464         0.0000         0.0000       957.8563          -4280.6363       304.3025     -5238.4927     -4278.4995       296.6535           -270.9041      -262.1660     22744.4305      -251.4528      -251.2146
ENERGY:  210000         0.0000         0.0000         0.0000         0.0000          -5579.9533       419.3013         0.0000         0.0000       911.0218          -4249.6302       289.4236     -5160.6520     -4248.3802       301.7654            -37.1388       -22.8246     22925.5466      -186.5129      -186.5041
ENERGY:  215000         0.0000         0.0000         0.0000         0.0000          -5599.3150       378.6600         0.0000         0.0000       950.2102          -4270.4448       301.8734     -5220.6550     -4268.6288       298.4063           -647.6767      -637.9062     22643.7732      -216.7423      -216.6989
ENERGY:  220000         0.0000         0.0000         0.0000         0.0000          -5601.9838       384.4362         0.0000         0.0000       946.3010          -4271.2466       300.6315     -5217.5476     -4268.3990       298.7522           -713.0090      -688.1306     22913.1590      -211.9425      -212.0144
ENERGY:  225000         0.0000         0.0000         0.0000         0.0000          -5548.7511       369.1501         0.0000         0.0000       976.3854          -4203.2157       310.1891     -5179.6011     -4201.0540       302.7994           -352.0408      -321.7545     22764.6280      -225.8548      -225.8645
ENERGY:  230000         0.0000         0.0000         0.0000         0.0000          -5629.6799       388.2701         0.0000         0.0000       945.0469          -4296.3630       300.2331     -5241.4099     -4293.6273       299.3694            -75.2249       -54.6844     22400.2882      -216.3502      -216.4829
ENERGY:  235000         0.0000         0.0000         0.0000         0.0000          -5518.9541       360.8048         0.0000         0.0000       961.2592          -4196.8901       305.3836     -5158.1493     -4193.7683       302.1641           -686.7022      -649.5943     22912.3472      -226.8736      -226.7531
ENERGY:  240000         0.0000         0.0000         0.0000         0.0000          -5551.6945       397.8998         0.0000         0.0000       903.1856          -4250.6092       286.9341     -5153.7947     -4248.5587       303.9959           -225.3836      -200.4786     23099.2901      -277.2579      -277.2764
ENERGY:  245000         0.0000         0.0000         0.0000         0.0000          -5563.0179       378.6088         0.0000         0.0000       930.9215          -4253.4876       295.7456     -5184.4091     -4251.1808       298.6328           -776.5754      -763.7189     23155.5199      -172.0500      -171.9605
ENERGY:  250000         0.0000         0.0000         0.0000         0.0000          -5629.0331       398.3474         0.0000         0.0000       958.8335          -4271.8522       304.6130     -5230.6857     -4269.1045       302.3896             -8.8234        19.7634     22433.0062      -239.4352      -239.4413
ENERGY:  255000         0.0000         0.0000         0.0000         0.0000          -5620.5332       390.4433         0.0000         0.0000       931.2503          -4298.8395       295.8501     -5230.0899     -4297.9659       297.7979           -335.8523      -330.4526     22737.7725      -284.8627      -285.0820
ENERGY:  260000         0.0000         0.0000         0.0000         0.0000          -5643.0093       364.3719         0.0000         0.0000       935.1699          -4343.4675       297.0953     -5278.6374     -4342.4339       296.7176           -898.1479      -892.8829     22525.1643      -289.8645      -289.8009
ENERGY:  265000         0.0000         0.0000         0.0000         0.0000          -5583.7831       364.2483         0.0000         0.0000       937.2682          -4282.2666       297.7619     -5219.5348     -4279.9631       296.7171           -892.9260      -850.6596     22857.6187      -250.7837      -250.6905
ENERGY:  270000         0.0000         0.0000         0.0000         0.0000          -5636.4729       415.2933         0.0000         0.0000       959.7140          -4261.4656       304.8927     -5221.1797     -4258.9139       300.1189            178.6127       200.8802     22599.0698      -220.1217      -220.2091
ENERGY:  275000         0.0000         0.0000         0.0000         0.0000          -5641.6229       427.6720         0.0000         0.0000       967.9572          -4245.9937       307.5115     -5213.9509     -4243.1552       297.6978             73.4869        86.8018     22854.8112      -194.8668      -194.7691
ENERGY:  280000         0.0000         0.0000         0.0000         0.0000          -5640.8693       366.5426         0.0000         0.0000       988.8814          -4285.4454       314.1589     -5274.3267     -4282.6047       296.2149           -341.3679      -315.2260     22477.8995      -258.0658      -258.1599
ENERGY:  285000         0.0000         0.0000         0.0000         0.0000          -5680.7635       429.5378         0.0000         0.0000       903.4366          -4347.7890       287.0139     -5251.2256     -4346.4489       296.2365            326.5057       351.3504     22730.7149      -199.8359      -199.8884
ENERGY:  290000         0.0000         0.0000         0.0000         0.0000          -5539.0604       333.8197         0.0000         0.0000       953.0296          -4252.2111       302.7691     -5205.2407     -4249.4677       296.6475           -742.5597      -714.6427     22701.6621      -243.1920      -243.3056
ENERGY:  295000         0.0000         0.0000         0.0000         0.0000          -5549.1868       381.5086         0.0000         0.0000       937.6394          -4230.0388       297.8798     -5167.6783     -4228.0578       301.2493           -331.7597      -314.3410     22886.8113      -243.0766      -243.0028
ENERGY:  300000         0.0000         0.0000         0.0000         0.0000          -5617.4932       400.0541         0.0000         0.0000       932.2026          -4285.2365       296.1526     -5217.4391     -4283.2197       303.6156             51.0967        70.6691     22463.0871      -152.4079      -152.2902
ENERGY:  305000         0.0000         0.0000         0.0000         0.0000          -5496.5142       346.0381         0.0000         0.0000       966.3219          -4184.1541       306.9920     -5150.4760     -4180.9155       300.8253           -664.7740      -649.3050     22923.6966      -215.2862      -215.5209
ENERGY:  310000         0.0000         0.0000         0.0000         0.0000          -5619.7095       364.2970         0.0000         0.0000       921.0774          -4334.3351       292.6182     -5255.4124     -4331.9149       296.9644           -683.6325      -669.4428     22789.4772      -280.3475      -280.2533
ENERGY:  315000         0.0000         0.0000         0.0000         0.0000          -5566.1423       366.9126         0.0000         0.0000       969.8224          -4229.4073       308.1041     -5199.2297     -4226.2526       295.6639           -458.4382      -452.5484     22683.9478      -223.2810      -223.2225
ENERGY:  320000         0.0000         0.0000         0.0000         0.0000          -5629.6385       388.0299         0.0000         0.0000       954.4499          -4287.1587       303.2204     -5241.6086     -4285.4571       298.7100           -367.3078      -360.1852     22727.5026      -211.5585      -211.5115
ENERGY:  325000         0.0000         0.0000         0.0000         0.0000          -5582.8995       400.8691         0.0000         0.0000       945.3086          -4236.7218       300.3162     -5182.0304     -4234.4617       297.9438           -202.6836      -181.0178     22845.2134      -193.3835      -193.4803
ENERGY:  330000         0.0000         0.0000         0.0000         0.0000          -5502.0169       347.0560         0.0000         0.0000       894.2267          -4260.7343       284.0880     -5154.9609     -4260.0449       298.3662           -681.3837      -665.0583     22784.4901      -257.5614      -257.7026
ENERGY:  335000         0.0000         0.0000         0.0000         0.0000          -5595.0544       394.0677         0.0000         0.0000       983.0103          -4217.9764       312.2937     -5200.9867     -4214.5584       302.1467           -253.2218      -226.9428     22802.3084      -186.4523      -186.6095
ENERGY:  340000         0.0000         0.0000         0.0000         0.0000          -5580.7523       376.1614         0.0000         0.0000       985.2606          -4219.3302       313.0087     -5204.5908     -4216.6480       303.2699           -173.5953      -145.7989     22606.7193      -227.6815      -227.8057
ENERGY:  345000         0.0000         0.0000         0.0000         0.0000          -5641.6584       383.8071         0.0000         0.0000       939.7276          -4318.1237       298.5432     -5257.8513     -4315.1752       301.8572           -359.9106      -348.6643     22601.3946      -242.1241      -242.0181
ENERGY:  350000         0.0000         0.0000         0.0000         0.0000          -5572.6147       355.2973         0.0000         0.0000       966.1010          -4251.2164       306.9218     -5217.3174     -4246.7745       296.7284           -334.2810      -304.5053     22580.4838      -200.9561      -200.9867
ENERGY:  355000         0.0000         0.0000         0.0000         0.0000          -5564.0994       364.2932         0.0000         0.0000       945.0845          -4254.7217       300.2450     -5199.8062     -4253.2864       297.7419           -322.2118      -311.7948     22593.0841      -228.8039      -228.6996
ENERGY:  360000         0.0000         0.0000         0.0000         0.0000          -5555.5811       392.6554         0.0000         0.0000       926.1644          -4236.7614       294.2343     -5162.9258     -4235.0656       297.4841            129.5854       155.0104     22731.6164      -214.4635      -214.4358
ENERGY:  365000         0.0000         0.0000         0.0000         0.0000          -5601.3332       434.0385         0.0000         0.0000       936.7900          -4230.5047       297.6100     -5167.2947     -4229.0540       301.3926             15.2399        34.4215     22936.6211      -219.8625      -219.9821
ENERGY:  370000         0.0000         0.0000         0.0000         0.0000          -5656.6123       439.1925         0.0000         0.0000       953.8005          -4263.6192       303.0141     -5217.4198     -4261.7126       299.0530            454.8252       464.8193     22638.3179      -272.0321      -272.2545
ENERGY:  375000         0.0000         0.0000         0.0000         0.0000          -5622.4808       434.9753         0.0000         0.0000       957.2793          -4230.2262       304.1192     -5187.5055     -4228.3929       298.3065             48.3107        61.2432     22977.8625      -210.9464      -211.0924
ENERGY:  380000         0.0000         0.0000         0.0000         0.0000          -5578.4758       370.2103         0.0000         0.0000       974.3072          -4233.9582       309.5289     -5208.2655     -4231.4116       300.3632           -241.4467      -234.3272     22588.7533      -206.5307      -206.4255
ENERGY:  385000         0.0000         0.0000         0.0000         0.0000          -5531.2809       348.5951         0.0000         0.0000       935.7216          -4246.9642       297.2705     -5182.6858     -4244.6525       301.1869           -459.1053      -428.7494     22667.4578      -190.5080      -190.3305
ENERGY:  390000         0.0000         0.0000         0.0000         0.0000          -5528.3980       316.1816         0.0000         0.0000       958.7666          -4253.4498       304.5917     -5212.2164     -4252.1445       299.0857           -924.6514      -914.6209     22443.6839      -258.3809      -258.5059
ENERGY:  395000         0.0000         0.0000         0.0000         0.0000          -5521.2168       346.4168         0.0000         0.0000       950.9171          -4223.8829       302.0980     -5174.8000     -4220.9435       298.6326           -697.8424      -681.3138     22886.0996      -218.2716      -218.2268
ENERGY:  400000         0.0000         0.0000         0.0000         0.0000          -5630.1089       426.5313         0.0000         0.0000      1018.0695          -4185.5081       323.4317     -5203.5775     -4183.2107       303.5475            404.3146       420.2735     22679.1549      -268.9265      -268.8838
ENERGY:  405000         0.0000         0.0000         0.0000         0.0000          -5635.5940       410.7604         0.0000         0.0000       954.9416          -4269.8920       303.3766     -5224.8336     -4268.6154       301.0803            297.0323       314.8222     22636.8295      -142.7799      -142.8171
ENERGY:  410000         0.0000         0.0000         0.0000         0.0000          -5528.6972       323.9950         0.0000         0.0000       976.2598          -4228.4423       310.1492     -5204.7022     -4227.0263       295.0680          -1340.9000     -1311.8017     22817.5510      -159.8137      -159.6830
ENERGY:  415000         0.0000         0.0000         0.0000         0.0000          -5590.4578       379.1925         0.0000         0.0000       957.6670          -4253.5982       304.2424     -5211.2653     -4249.9846       303.0961           -253.9850      -225.3555     22688.3414      -211.9541      -211.8867
ENERGY:  420000         0.0000         0.0000         0.0000         0.0000          -5575.2740       372.0017         0.0000         0.0000       915.4062          -4287.8661       290.8165     -5203.2723     -4285.7835       299.0574           -644.2980      -629.6910     22800.1353      -229.8548      -229.8994
ENERGY:  425000         0.0000         0.0000         0.0000         0.0000          -5560.4990       355.8947         0.0000         0.0000       941.2517          -4263.3527       299.0274     -5204.6043     -4260.4983       298.0744           -234.0520      -221.5360     22394.8821      -221.8825      -221.8131
ENERGY:  430000         0.0000         0.0000         0.0000         0.0000          -5565.6353       391.6882         0.0000         0.0000       998.9405          -4175.0066       317.3546     -5173.9471     -4173.2639       299.0357           -172.0173      -153.1793     22848.6299      -198.7394      -198.7739
ENERGY:  435000         0.0000         0.0000         0.0000         0.0000          -5664.4583       438.9593         0.0000         0.0000       962.9516          -4262.5473       305.9213     -5225.4989     -4260.5773       306.3348            201.5032       219.9924     22570.7641      -171.8245      -171.6732
ENERGY:  440000         0.0000         0.0000         0.0000         0.0000          -5561.7758       371.3163         0.0000         0.0000       906.3738          -4284.0857       287.9470     -5190.4595     -4280.7773       298.7293           -165.9872      -128.0246     22547.1880      -249.2745      -249.1639
ENERGY:  445000         0.0000         0.0000         0.0000         0.0000          -5569.8492       412.7696         0.0000         0.0000       913.8251          -4243.2545       290.3142     -5157.0796     -4242.2172       299.4304             71.7372        84.6725     22528.7401      -184.5383      -184.4753
ENERGY:  450000         0.0000         0.0000         0.0000         0.0000          -5583.1745       380.1938         0.0000         0.0000       924.3258          -4278.6548       293.6502     -5202.9806     -4276.5843       297.3876           -196.3421      -176.6956     22620.2778      -167.1039      -167.2488
ENERGY:  455000         0.0000         0.0000         0.0000         0.0000          -5640.1823       397.3109         0.0000         0.0000       907.9433          -4334.9281       288.4456     -5242.8714     -4331.9156       300.4133           -344.5133      -335.6431     22686.8108      -150.1847      -150.1825
ENERGY:  460000         0.0000         0.0000         0.0000         0.0000          -5579.5821       391.7447         0.0000         0.0000       941.1742          -4246.6632       299.0028     -5187.8374     -4244.9811       295.6436             25.5045        48.1568     22599.3278      -237.0473      -236.9161
ENERGY:  465000         0.0000         0.0000         0.0000         0.0000          -5502.5670       326.2880         0.0000         0.0000       946.0908          -4230.1881       300.5648     -5176.2790     -4228.8230       299.3011           -947.6193      -914.0698     22751.6800      -200.6828      -200.6129
ENERGY:  470000         0.0000         0.0000         0.0000         0.0000          -5612.7939       388.8834         0.0000         0.0000       970.2491          -4253.6613       308.2396     -5223.9104     -4251.7651       302.8293           -261.3578      -241.4045     22662.3609      -185.4272      -185.4255
ENERGY:  475000         0.0000         0.0000         0.0000         0.0000          -5562.4551       379.0593         0.0000         0.0000       938.7757          -4244.6202       298.2408     -5183.3958     -4242.4967       302.1027              8.9429        24.3416     22693.7963      -226.5595      -226.4952
ENERGY:  480000         0.0000         0.0000         0.0000         0.0000          -5522.6351       363.2931         0.0000         0.0000       918.5530          -4240.7889       291.8162     -5159.3420     -4238.4075       294.6466           -699.1805      -666.0957     22920.7171      -190.0421      -190.2326
ENERGY:  485000         0.0000         0.0000         0.0000         0.0000          -5665.5860       433.2023         0.0000         0.0000       932.3986          -4299.9851       296.2149     -5232.3837     -4296.9012       299.1590            215.3819       243.1512     22467.9151      -200.0505      -200.0618
ENERGY:  490000         0.0000         0.0000         0.0000         0.0000          -5603.6478       330.8747         0.0000         0.0000       956.2717          -4316.5015       303.7991     -5272.7732     -4314.2369       296.8582           -979.6574      -964.5580     22816.9376      -156.4251      -156.2978
ENERGY:  495000         0.0000         0.0000         0.0000         0.0000          -5597.6280       360.9722         0.0000         0.0000       916.0068          -4320.6490       291.0073     -5236.6558     -4318.5684       300.0868           -704.9757      -692.1177     22463.6743      -226.2280      -226.1664
ENERGY:  500000         0.0000         0.0000         0.0000         0.0000          -5491.3699       343.0906         0.0000         0.0000       922.3810          -4225.8983       293.0323     -5148.2793     -4222.5223       298.1115            -96.9359       -69.8516     22488.6506      -234.1356      -234.3859
